<!DOCTYPE html>
<html lang="en">
<head>
<meta charset="utf-8">
<meta name="viewport" content="width=device-width, initial-scale=1, viewport-fit=cover">
<meta name="theme-color" content="#14110f">
<title>Friend Similarity Map</title>
<link rel="preconnect" href="https://fonts.googleapis.com">
<link rel="preconnect" href="https://fonts.gstatic.com" crossorigin>
<link href="https://fonts.googleapis.com/css2?family=Fraunces:opsz,wght@9..144,400;9..144,500;9..144,700;9..144,900&family=Manrope:wght@300;400;500;600;700&family=JetBrains+Mono:wght@400;500&display=swap" rel="stylesheet">
<script src="https://cdnjs.cloudflare.com/ajax/libs/d3/7.8.5/d3.min.js"></script>
<style>
  :root {
    --bg: #14110f;
    --bg-2: #1c1815;
    --ink: #f0e6d2;
    --ink-dim: #b6a890;
    --ink-faint: #6e6555;
    --line: #2a2520;
    --rule: rgba(240, 230, 210, 0.08);

    --c1: #f0a987;
    --c2: #e25c6c;
    --c3: #e9c46a;
    --c4: #5fb6b2;
    --c5: #b290d6;

    --pad-x: clamp(14px, 4vw, 40px);
    --pad-y: clamp(20px, 4vw, 32px);
  }

  @supports (padding: max(0px)) {
    body {
      padding-left:  max(var(--pad-x), env(safe-area-inset-left));
      padding-right: max(var(--pad-x), env(safe-area-inset-right));
      padding-bottom: max(calc(var(--pad-y) + 16px), env(safe-area-inset-bottom));
    }
  }

  * { box-sizing: border-box; margin: 0; padding: 0; -webkit-tap-highlight-color: transparent; }

  html, body {
    background: var(--bg);
    color: var(--ink);
    font-family: 'Manrope', sans-serif;
    font-weight: 400;
    overflow-x: hidden;
    -webkit-text-size-adjust: 100%;
  }

  body {
    background:
      radial-gradient(1200px 800px at 20% -10%, rgba(240, 169, 135, 0.08), transparent 60%),
      radial-gradient(900px 700px at 110% 110%, rgba(178, 144, 214, 0.07), transparent 60%),
      var(--bg);
    min-height: 100vh;
    padding: var(--pad-y) var(--pad-x) calc(var(--pad-y) + 16px);
  }

  header {
    display: grid;
    grid-template-columns: 1fr auto;
    gap: 24px;
    align-items: end;
    border-bottom: 1px solid var(--rule);
    padding-bottom: 22px;
    margin-bottom: 22px;
  }
  .eyebrow {
    font-family: 'JetBrains Mono', monospace;
    font-size: clamp(9.5px, 2.4vw, 11px);
    letter-spacing: 0.22em;
    color: var(--ink-faint);
    text-transform: uppercase;
    margin-bottom: 10px;
    line-height: 1.4;
  }
  h1 {
    font-family: 'Fraunces', serif;
    font-weight: 400;
    font-size: clamp(30px, 8vw, 64px);
    line-height: 1;
    letter-spacing: -0.02em;
    font-variation-settings: "opsz" 96;
  }
  h1 em { font-style: italic; font-weight: 300; color: var(--c3); }
  .meta {
    text-align: right;
    color: var(--ink-dim);
    font-size: 12px;
    line-height: 1.6;
    font-family: 'JetBrains Mono', monospace;
  }
  .meta strong { color: var(--ink); font-weight: 500; }

  @media (max-width: 720px) {
    header { grid-template-columns: 1fr; gap: 16px; align-items: start; }
    .meta {
      text-align: left;
      font-size: 11px;
      line-height: 1.7;
      padding-top: 12px;
      border-top: 1px solid var(--rule);
    }
  }

  .toolbar {
    display: flex; align-items: center; gap: 14px;
    margin-bottom: 16px; flex-wrap: wrap;
  }
  .toggle {
    display: inline-flex;
    border: 1px solid var(--line);
    border-radius: 999px;
    padding: 3px;
    background: var(--bg-2);
  }
  .toggle button {
    background: transparent;
    color: var(--ink-dim);
    border: none;
    padding: 10px 18px;
    cursor: pointer;
    border-radius: 999px;
    font-family: 'JetBrains Mono', monospace;
    font-size: 11.5px;
    letter-spacing: 0.1em;
    text-transform: uppercase;
    transition: all 0.2s ease;
    min-height: 38px;
  }
  .toggle button.active { background: var(--ink); color: var(--bg); }
  .legend {
    display: flex; gap: 12px; flex-wrap: wrap;
    font-size: 11.5px; color: var(--ink-dim);
    font-family: 'JetBrains Mono', monospace;
  }
  .legend .swatch {
    display: inline-flex; align-items: center; gap: 6px;
    cursor: pointer; user-select: none;
    padding: 4px 2px; min-height: 26px;
    transition: opacity 0.2s;
  }
  .legend .swatch:hover { color: var(--ink); }
  .legend .swatch.dim { opacity: 0.35; }
  .legend .dot { width: 10px; height: 10px; border-radius: 50%; display: inline-block; }

  .stage {
    display: grid;
    grid-template-columns: minmax(0, 1fr) 320px;
    gap: 26px;
    align-items: start;
  }
  @media (max-width: 900px) {
    .stage { grid-template-columns: 1fr; gap: 18px; }
  }

  .viz-wrap {
    position: relative;
    background:
      radial-gradient(circle at 50% 50%, rgba(255, 255, 255, 0.025), transparent 70%),
      var(--bg-2);
    border-radius: 16px;
    border: 1px solid var(--rule);
    overflow: hidden;
    aspect-ratio: 1 / 1;
    max-height: 78vh;
    touch-action: none;
  }
  @media (max-width: 720px) {
    .viz-wrap { aspect-ratio: 4 / 5; max-height: 70vh; border-radius: 12px; }
  }
  svg { width: 100%; height: 100%; display: block; cursor: grab; }
  svg:active { cursor: grabbing; }

  .hint {
    position: absolute; bottom: 12px; left: 14px;
    color: var(--ink-faint);
    font-family: 'JetBrains Mono', monospace;
    font-size: 10px;
    letter-spacing: 0.08em;
    text-transform: uppercase;
    pointer-events: none;
  }

  .panel {
    position: sticky; top: 24px;
    background: var(--bg-2);
    border: 1px solid var(--rule);
    border-radius: 16px;
    padding: 22px 22px 24px;
    min-height: 420px;
  }
  @media (max-width: 900px) {
    .panel { position: static; min-height: 0; padding: 20px 18px 22px; border-radius: 12px; }
  }
  .panel .label {
    font-family: 'JetBrains Mono', monospace;
    font-size: 10.5px;
    letter-spacing: 0.2em;
    color: var(--ink-faint);
    text-transform: uppercase;
    margin-bottom: 8px;
  }
  .panel h2 {
    font-family: 'Fraunces', serif;
    font-weight: 500;
    font-size: clamp(26px, 5vw, 30px);
    margin-bottom: 4px;
    letter-spacing: -0.01em;
    font-variation-settings: "opsz" 72;
    line-height: 1.1;
    word-break: break-word;
  }
  .panel .cluster-tag {
    display: inline-flex; align-items: center; gap: 6px;
    font-family: 'JetBrains Mono', monospace;
    font-size: 11px;
    color: var(--ink-dim);
    margin-bottom: 18px;
  }
  .panel .cluster-tag .dot { width: 8px; height: 8px; border-radius: 50%; display: inline-block; }

  .traits { margin-bottom: 18px; }
  .trait {
    display: grid;
    grid-template-columns: 88px 1fr 38px;
    gap: 10px; align-items: center;
    margin-bottom: 11px;
  }
  .trait-tier {
    grid-column: 1 / -1;
    font-family: 'JetBrains Mono', monospace;
    font-size: 10px;
    letter-spacing: 0.05em;
    color: var(--ink-faint);
    margin-top: 1px;
    margin-left: 98px;
    line-height: 1.4;
  }
  .trait-tier em {
    font-style: normal;
    color: var(--ink-dim);
  }
  .quick-read {
    font-family: 'Fraunces', serif;
    font-style: italic;
    font-size: 14.5px;
    line-height: 1.45;
    color: var(--ink);
    padding: 12px 14px;
    margin: 4px 0 8px;
    border-left: 2px solid var(--ink-faint);
    background: rgba(255,255,255,0.02);
    border-radius: 0 8px 8px 0;
  }
  .trait-name {
    font-family: 'JetBrains Mono', monospace;
    font-size: 10.5px;
    color: var(--ink-dim);
    letter-spacing: 0.05em;
  }
  .trait-bar {
    height: 6px;
    background: rgba(255,255,255,0.05);
    border-radius: 3px;
    overflow: hidden;
    position: relative;
  }
  .trait-bar > span {
    display: block; height: 100%; border-radius: 3px;
    transition: width 0.6s cubic-bezier(0.22, 1, 0.36, 1);
  }
  .trait-val {
    font-family: 'JetBrains Mono', monospace;
    font-size: 11px; color: var(--ink); text-align: right;
  }

  .panel h3 {
    font-family: 'JetBrains Mono', monospace;
    font-size: 10.5px; letter-spacing: 0.2em;
    color: var(--ink-faint); text-transform: uppercase;
    margin: 18px 0 8px;
    font-weight: 500;
  }
  .matches { list-style: none; }
  .matches li {
    display: flex; justify-content: space-between; align-items: center;
    padding: 11px 0;
    border-bottom: 1px solid var(--rule);
    cursor: pointer;
    transition: padding 0.18s ease, color 0.2s;
    min-height: 44px;
  }
  .matches li:last-child { border-bottom: none; }
  .matches li:hover { padding-left: 6px; color: var(--c3); }
  .matches li:active { color: var(--c3); }
  .matches .rank {
    color: var(--ink-faint);
    font-family: 'JetBrains Mono', monospace;
    font-size: 11px; margin-right: 12px;
  }
  .matches .name {
    font-family: 'Fraunces', serif;
    font-size: 16px; flex: 1;
  }
  .matches .dist {
    font-family: 'JetBrains Mono', monospace;
    font-size: 11px; color: var(--ink-dim);
  }

  .placeholder {
    color: var(--ink-faint);
    font-family: 'Fraunces', serif;
    font-style: italic;
    font-size: 15px;
    line-height: 1.5;
    max-width: 280px;
    margin-bottom: 18px;
  }

  .directory { margin-top: 4px; }
  .directory .group { margin-bottom: 16px; }
  .directory .group:last-child { margin-bottom: 0; }
  .directory .group-head {
    display: flex; align-items: center; gap: 8px;
    font-family: 'JetBrains Mono', monospace;
    font-size: 10px;
    letter-spacing: 0.18em;
    text-transform: uppercase;
    color: var(--ink-faint);
    margin-bottom: 8px;
  }
  .directory .group-head .dot {
    width: 8px; height: 8px; border-radius: 50%;
  }
  .directory .names {
    display: flex; flex-wrap: wrap; gap: 6px;
  }
  .directory .name-pill {
    font-family: 'Fraunces', serif;
    font-size: 14px;
    color: var(--ink);
    background: rgba(255,255,255,0.04);
    border: 1px solid var(--rule);
    padding: 5px 11px;
    border-radius: 999px;
    cursor: pointer;
    transition: background 0.18s, border-color 0.18s, transform 0.18s;
    user-select: none;
    min-height: 32px;
    display: inline-flex; align-items: center;
  }
  .directory .name-pill:hover {
    background: rgba(255,255,255,0.08);
    border-color: var(--ink-faint);
  }
  .directory .name-pill:active { transform: scale(0.97); }

  .heatmap-wrap { display: none; }
  .heatmap-wrap.active { display: block; }
  .network-wrap.hidden { display: none; }
  .heatmap-wrap svg text {
    font-family: 'JetBrains Mono', monospace;
    font-size: 9px;
    fill: var(--ink-dim);
  }
  @media (max-width: 720px) {
    .heatmap-wrap svg text { font-size: 8px; }
  }

  .footer {
    margin-top: 26px; padding-top: 18px;
    border-top: 1px solid var(--rule);
    display: flex; justify-content: space-between;
    color: var(--ink-faint);
    font-family: 'JetBrains Mono', monospace;
    font-size: 10.5px;
    letter-spacing: 0.1em;
    text-transform: uppercase;
    flex-wrap: wrap; gap: 10px;
  }
  @media (max-width: 720px) { .footer { font-size: 9.5px; } }

  .link { stroke-linecap: round; transition: stroke-opacity 0.2s; }
  .node-group { cursor: pointer; }
  .node-group circle.hit { fill: transparent; }
  .node-group circle.visible {
    transition: stroke-width 0.18s ease, opacity 0.2s ease;
  }
  .node-label {
    font-family: 'Fraunces', serif;
    font-size: 12.5px;
    fill: var(--ink);
    pointer-events: none;
    paint-order: stroke;
    stroke: var(--bg-2);
    stroke-width: 3px;
    stroke-linejoin: round;
    font-weight: 500;
    letter-spacing: -0.01em;
  }
  @media (max-width: 720px) {
    .node-label { font-size: 11px; stroke-width: 2.5px; }
  }
  .node-label.dim { opacity: 0.55; }
  .node-group.faded circle.visible { opacity: 0.42; }
  .node-group.selected circle.visible { stroke: var(--ink) !important; stroke-width: 2.5px; }
  .link.highlight { stroke-opacity: 0.95; }
  .link.faded { stroke-opacity: 0.04; }

  .tooltip {
    position: fixed; pointer-events: none;
    background: var(--bg);
    border: 1px solid var(--ink-faint);
    color: var(--ink);
    padding: 8px 12px;
    font-family: 'JetBrains Mono', monospace;
    font-size: 11px;
    border-radius: 8px;
    opacity: 0;
    transition: opacity 0.15s;
    z-index: 50;
    white-space: nowrap;
    max-width: calc(100vw - 24px);
  }
  .tooltip.show { opacity: 1; }
  @media (hover: none) { .tooltip { display: none; } }
</style>
</head>
<body>

<header>
  <div>
    <div class="eyebrow">Friend Similarity Quiz · 26 respondents · 20 questions</div>
    <h1>Who's most <em>like</em> who?</h1>
  </div>
  <div class="meta">
    <strong>Method</strong> &nbsp;Euclidean distance, 5-trait space<br>
    <strong>Layout</strong> &nbsp;MDS + force refinement<br>
    <strong>Edges</strong> &nbsp;3 nearest matches per person
  </div>
</header>

<div class="toolbar">
  <div class="toggle" role="tablist">
    <button id="view-network" class="active">Network</button>
    <button id="view-heatmap">Heatmap</button>
  </div>
  <div class="legend" id="legend"></div>
</div>

<div class="stage">
  <div>
    <div class="viz-wrap network-wrap" id="network-wrap">
      <svg id="network"></svg>
      <div class="hint" id="net-hint">Tap a name · drag to move</div>
    </div>
    <div class="viz-wrap heatmap-wrap" id="heatmap-wrap">
      <svg id="heatmap"></svg>
      <div class="hint">Darker = more similar · pinch or scroll to zoom</div>
    </div>
  </div>

  <aside class="panel" id="panel">
    <div class="label">Selected</div>
    <h2 id="sel-name">—</h2>
    <div class="cluster-tag" id="sel-cluster"><span class="dot" style="background:var(--ink-faint)"></span><span>nothing selected</span></div>
    <div id="sel-body"></div>
  </aside>
</div>

<div class="footer">
  <div>5 traits · Social · Structure · Thinking · Novelty · Bonding</div>
  <div>4 clusters · mean pairwise distance 1.77</div>
</div>

<div class="tooltip" id="tooltip"></div>

<script>
const DATA = {"names":["Saloni","Addy","Shivang","Pratz","Jhalak","Prince","Dev","Chanya","Hunny","Atharv","Anjali","Harsh","Pawan","Shashwat","Anmol","Divij","mihir","Megs","Prash","Ayush","Shubhs","Aashi","Mansi","Mudit","Anish","Ananya"],"trait_names":["Social","Structure","Thinking","Novelty","Bonding"],"nodes":[{"id":"Saloni","scores":{"Social":3.25,"Structure":2.0,"Thinking":1.75,"Novelty":3.0,"Bonding":2.0},"cluster":3,"x":-0.2902,"y":0.4981,"top_matches":[{"name":"Jhalak","distance":0.354,"similarity":0.889},{"name":"Megs","distance":0.75,"similarity":0.765},{"name":"Shivang","distance":0.829,"similarity":0.74}]},{"id":"Addy","scores":{"Social":3.75,"Structure":2.75,"Thinking":2.75,"Novelty":2.5,"Bonding":2.75},"cluster":1,"x":-0.7952,"y":-0.257,"top_matches":[{"name":"Hunny","distance":0.968,"similarity":0.697},{"name":"Anjali","distance":1.061,"similarity":0.668},{"name":"Ananya","distance":1.061,"similarity":0.668}]},{"id":"Shivang","scores":{"Social":3.0,"Structure":1.5,"Thinking":1.5,"Novelty":3.5,"Bonding":1.75},"cluster":3,"x":-0.0636,"y":0.8677,"top_matches":[{"name":"Atharv","distance":0.791,"similarity":0.752},{"name":"Jhalak","distance":0.829,"similarity":0.74},{"name":"Saloni","distance":0.829,"similarity":0.74}]},{"id":"Pratz","scores":{"Social":1.5,"Structure":2.5,"Thinking":1.75,"Novelty":2.0,"Bonding":2.5},"cluster":2,"x":0.7659,"y":-0.5717,"top_matches":[{"name":"Aashi","distance":1.09,"similarity":0.659},{"name":"Ayush","distance":1.5,"similarity":0.53},{"name":"Pawan","distance":1.521,"similarity":0.524}]},{"id":"Jhalak","scores":{"Social":3.5,"Structure":2.0,"Thinking":1.75,"Novelty":3.25,"Bonding":2.0},"cluster":3,"x":-0.3983,"y":0.6093,"top_matches":[{"name":"Saloni","distance":0.354,"similarity":0.889},{"name":"Megs","distance":0.559,"similarity":0.825},{"name":"Shivang","distance":0.829,"similarity":0.74}]},{"id":"Prince","scores":{"Social":2.5,"Structure":2.25,"Thinking":2.75,"Novelty":2.5,"Bonding":2.0},"cluster":4,"x":-0.1423,"y":-0.1398,"top_matches":[{"name":"Harsh","distance":0.866,"similarity":0.729},{"name":"Anmol","distance":0.866,"similarity":0.729},{"name":"Ayush","distance":0.968,"similarity":0.697}]},{"id":"Dev","scores":{"Social":2.75,"Structure":3.0,"Thinking":3.0,"Novelty":2.0,"Bonding":2.25},"cluster":1,"x":-0.4241,"y":-0.625,"top_matches":[{"name":"Ananya","distance":0.5,"similarity":0.843},{"name":"Aashi","distance":0.935,"similarity":0.707},{"name":"Anmol","distance":0.935,"similarity":0.707}]},{"id":"Chanya","scores":{"Social":2.5,"Structure":1.25,"Thinking":3.0,"Novelty":2.5,"Bonding":2.75},"cluster":4,"x":0.4701,"y":-0.1427,"top_matches":[{"name":"Mudit","distance":0.866,"similarity":0.729},{"name":"Pawan","distance":0.935,"similarity":0.707},{"name":"mihir","distance":1.0,"similarity":0.687}]},{"id":"Hunny","scores":{"Social":3.5,"Structure":2.75,"Thinking":3.5,"Novelty":2.0,"Bonding":3.0},"cluster":1,"x":-0.7373,"y":-0.7718,"top_matches":[{"name":"Ananya","distance":0.75,"similarity":0.765},{"name":"Addy","distance":0.968,"similarity":0.697},{"name":"Dev","distance":1.199,"similarity":0.624}]},{"id":"Atharv","scores":{"Social":3.0,"Structure":1.25,"Thinking":1.75,"Novelty":3.0,"Bonding":1.25},"cluster":3,"x":0.037,"y":0.9222,"top_matches":[{"name":"Shivang","distance":0.791,"similarity":0.752},{"name":"Divij","distance":1.061,"similarity":0.668},{"name":"Saloni","distance":1.09,"similarity":0.659}]},{"id":"Anjali","scores":{"Social":3.75,"Structure":2.0,"Thinking":2.25,"Novelty":2.0,"Bonding":2.5},"cluster":1,"x":-0.7089,"y":0.0813,"top_matches":[{"name":"Addy","distance":1.061,"similarity":0.668},{"name":"Saloni","distance":1.323,"similarity":0.586},{"name":"Jhalak","distance":1.458,"similarity":0.543}]},{"id":"Harsh","scores":{"Social":2.75,"Structure":1.5,"Thinking":2.75,"Novelty":2.75,"Bonding":1.75},"cluster":4,"x":-0.0286,"y":0.2706,"top_matches":[{"name":"Prince","distance":0.866,"similarity":0.729},{"name":"Anish","distance":0.968,"similarity":0.697},{"name":"Ayush","distance":0.968,"similarity":0.697}]},{"id":"Pawan","scores":{"Social":2.5,"Structure":1.75,"Thinking":2.25,"Novelty":2.5,"Bonding":3.0},"cluster":4,"x":0.2318,"y":-0.1823,"top_matches":[{"name":"Ayush","distance":0.829,"similarity":0.74},{"name":"Mansi","distance":0.866,"similarity":0.729},{"name":"Chanya","distance":0.935,"similarity":0.707}]},{"id":"Shashwat","scores":{"Social":2.5,"Structure":1.5,"Thinking":3.0,"Novelty":4.0,"Bonding":2.75},"cluster":4,"x":0.9075,"y":0.3284,"top_matches":[{"name":"mihir","distance":1.392,"similarity":0.564},{"name":"Chanya","distance":1.521,"similarity":0.524},{"name":"Anish","distance":1.62,"similarity":0.492}]},{"id":"Anmol","scores":{"Social":2.75,"Structure":3.0,"Thinking":2.5,"Novelty":2.75,"Bonding":2.0},"cluster":1,"x":-0.4783,"y":-0.1541,"top_matches":[{"name":"Prince","distance":0.866,"similarity":0.729},{"name":"Dev","distance":0.935,"similarity":0.707},{"name":"Ananya","distance":1.225,"similarity":0.616}]},{"id":"Divij","scores":{"Social":2.25,"Structure":1.75,"Thinking":1.75,"Novelty":3.5,"Bonding":1.5},"cluster":3,"x":0.3208,"y":0.8142,"top_matches":[{"name":"Anish","distance":0.791,"similarity":0.752},{"name":"Shivang","distance":0.866,"similarity":0.729},{"name":"Atharv","distance":1.061,"similarity":0.668}]},{"id":"mihir","scores":{"Social":2.25,"Structure":1.0,"Thinking":2.25,"Novelty":3.0,"Bonding":2.5},"cluster":4,"x":0.552,"y":0.3081,"top_matches":[{"name":"Mudit","distance":0.707,"similarity":0.778},{"name":"Anish","distance":0.75,"similarity":0.765},{"name":"Ayush","distance":0.901,"similarity":0.718}]},{"id":"Megs","scores":{"Social":3.75,"Structure":1.5,"Thinking":1.75,"Novelty":3.25,"Bonding":2.0},"cluster":3,"x":-0.4054,"y":0.7843,"top_matches":[{"name":"Jhalak","distance":0.559,"similarity":0.825},{"name":"Saloni","distance":0.75,"similarity":0.765},{"name":"Shivang","distance":0.866,"similarity":0.729}]},{"id":"Prash","scores":{"Social":2.0,"Structure":1.75,"Thinking":3.25,"Novelty":2.0,"Bonding":3.25},"cluster":2,"x":0.3399,"y":-0.8387,"top_matches":[{"name":"Shubhs","distance":0.661,"similarity":0.793},{"name":"Chanya","distance":1.031,"similarity":0.677},{"name":"Pawan","distance":1.25,"similarity":0.608}]},{"id":"Ayush","scores":{"Social":2.5,"Structure":1.75,"Thinking":2.0,"Novelty":2.75,"Bonding":2.25},"cluster":4,"x":0.1266,"y":0.2145,"top_matches":[{"name":"Anish","distance":0.5,"similarity":0.843},{"name":"Pawan","distance":0.829,"similarity":0.74},{"name":"Saloni","distance":0.901,"similarity":0.718}]},{"id":"Shubhs","scores":{"Social":2.0,"Structure":2.25,"Thinking":3.0,"Novelty":1.75,"Bonding":3.5},"cluster":2,"x":0.1972,"y":-1.0,"top_matches":[{"name":"Prash","distance":0.661,"similarity":0.793},{"name":"Aashi","distance":1.173,"similarity":0.633},{"name":"Pawan","distance":1.369,"similarity":0.571}]},{"id":"Aashi","scores":{"Social":2.25,"Structure":2.5,"Thinking":2.5,"Novelty":1.75,"Bonding":2.5},"cluster":2,"x":-0.0589,"y":-0.6071,"top_matches":[{"name":"Dev","distance":0.935,"similarity":0.707},{"name":"Prince","distance":1.0,"similarity":0.687},{"name":"Pratz","distance":1.09,"similarity":0.659}]},{"id":"Mansi","scores":{"Social":2.5,"Structure":2.25,"Thinking":2.25,"Novelty":3.0,"Bonding":3.5},"cluster":4,"x":0.4196,"y":-0.4296,"top_matches":[{"name":"Pawan","distance":0.866,"similarity":0.729},{"name":"Ayush","distance":1.392,"similarity":0.564},{"name":"Chanya","distance":1.541,"similarity":0.517}]},{"id":"Mudit","scores":{"Social":2.75,"Structure":1.0,"Thinking":2.25,"Novelty":2.5,"Bonding":2.5},"cluster":4,"x":0.3876,"y":0.1963,"top_matches":[{"name":"mihir","distance":0.707,"similarity":0.778},{"name":"Chanya","distance":0.866,"similarity":0.729},{"name":"Ayush","distance":0.901,"similarity":0.718}]},{"id":"Anish","scores":{"Social":2.25,"Structure":1.5,"Thinking":2.0,"Novelty":3.0,"Bonding":2.0},"cluster":4,"x":0.2741,"y":0.4402,"top_matches":[{"name":"Ayush","distance":0.5,"similarity":0.843},{"name":"mihir","distance":0.75,"similarity":0.765},{"name":"Divij","distance":0.791,"similarity":0.752}]},{"id":"Ananya","scores":{"Social":3.0,"Structure":2.75,"Thinking":3.25,"Novelty":2.0,"Bonding":2.5},"cluster":1,"x":-0.4992,"y":-0.6156,"top_matches":[{"name":"Dev","distance":0.5,"similarity":0.843},{"name":"Hunny","distance":0.75,"similarity":0.765},{"name":"Addy","distance":1.061,"similarity":0.668}]}],"edges":[{"source":"Saloni","target":"Shivang","distance":0.829,"similarity":0.74},{"source":"Saloni","target":"Jhalak","distance":0.354,"similarity":0.889},{"source":"Saloni","target":"Atharv","distance":1.09,"similarity":0.659},{"source":"Saloni","target":"Anjali","distance":1.323,"similarity":0.586},{"source":"Saloni","target":"Megs","distance":0.75,"similarity":0.765},{"source":"Saloni","target":"Ayush","distance":0.901,"similarity":0.718},{"source":"Addy","target":"Hunny","distance":0.968,"similarity":0.697},{"source":"Addy","target":"Anjali","distance":1.061,"similarity":0.668},{"source":"Addy","target":"Ananya","distance":1.061,"similarity":0.668},{"source":"Shivang","target":"Jhalak","distance":0.829,"similarity":0.74},{"source":"Shivang","target":"Atharv","distance":0.791,"similarity":0.752},{"source":"Shivang","target":"Divij","distance":0.866,"similarity":0.729},{"source":"Shivang","target":"Megs","distance":0.866,"similarity":0.729},{"source":"Pratz","target":"Pawan","distance":1.521,"similarity":0.524},{"source":"Pratz","target":"Ayush","distance":1.5,"similarity":0.53},{"source":"Pratz","target":"Aashi","distance":1.09,"similarity":0.659},{"source":"Jhalak","target":"Anjali","distance":1.458,"similarity":0.543},{"source":"Jhalak","target":"Megs","distance":0.559,"similarity":0.825},{"source":"Prince","target":"Harsh","distance":0.866,"similarity":0.729},{"source":"Prince","target":"Anmol","distance":0.866,"similarity":0.729},{"source":"Prince","target":"Ayush","distance":0.968,"similarity":0.697},{"source":"Prince","target":"Aashi","distance":1.0,"similarity":0.687},{"source":"Dev","target":"Hunny","distance":1.199,"similarity":0.624},{"source":"Dev","target":"Anmol","distance":0.935,"similarity":0.707},{"source":"Dev","target":"Aashi","distance":0.935,"similarity":0.707},{"source":"Dev","target":"Ananya","distance":0.5,"similarity":0.843},{"source":"Chanya","target":"Pawan","distance":0.935,"similarity":0.707},{"source":"Chanya","target":"Shashwat","distance":1.521,"similarity":0.524},{"source":"Chanya","target":"mihir","distance":1.0,"similarity":0.687},{"source":"Chanya","target":"Prash","distance":1.031,"similarity":0.677},{"source":"Chanya","target":"Mansi","distance":1.541,"similarity":0.517},{"source":"Chanya","target":"Mudit","distance":0.866,"similarity":0.729},{"source":"Hunny","target":"Ananya","distance":0.75,"similarity":0.765},{"source":"Atharv","target":"Divij","distance":1.061,"similarity":0.668},{"source":"Harsh","target":"Ayush","distance":0.968,"similarity":0.697},{"source":"Harsh","target":"Anish","distance":0.968,"similarity":0.697},{"source":"Pawan","target":"Prash","distance":1.25,"similarity":0.608},{"source":"Pawan","target":"Ayush","distance":0.829,"similarity":0.74},{"source":"Pawan","target":"Shubhs","distance":1.369,"similarity":0.571},{"source":"Pawan","target":"Mansi","distance":0.866,"similarity":0.729},{"source":"Shashwat","target":"mihir","distance":1.392,"similarity":0.564},{"source":"Shashwat","target":"Anish","distance":1.62,"similarity":0.492},{"source":"Anmol","target":"Ananya","distance":1.225,"similarity":0.616},{"source":"Divij","target":"Anish","distance":0.791,"similarity":0.752},{"source":"mihir","target":"Ayush","distance":0.901,"similarity":0.718},{"source":"mihir","target":"Mudit","distance":0.707,"similarity":0.778},{"source":"mihir","target":"Anish","distance":0.75,"similarity":0.765},{"source":"Prash","target":"Shubhs","distance":0.661,"similarity":0.793},{"source":"Ayush","target":"Mansi","distance":1.392,"similarity":0.564},{"source":"Ayush","target":"Mudit","distance":0.901,"similarity":0.718},{"source":"Ayush","target":"Anish","distance":0.5,"similarity":0.843},{"source":"Shubhs","target":"Aashi","distance":1.173,"similarity":0.633}],"distance_matrix":[[0.0,1.62,0.829,2.136,0.354,1.369,1.969,1.871,2.385,1.09,1.323,1.275,1.458,1.984,1.369,1.25,1.581,0.75,2.537,0.901,2.646,1.904,1.768,1.414,1.146,2.031],[1.62,0.0,2.385,2.537,1.658,1.541,1.275,1.969,0.968,2.512,1.061,1.904,1.696,2.332,1.323,2.61,2.424,1.92,2.194,1.854,2.121,1.732,1.696,2.092,2.278,1.061],[0.829,2.385,0.0,2.475,0.829,1.854,2.658,2.136,3.102,0.791,2.046,1.479,1.854,1.936,1.984,0.866,1.479,0.866,2.937,1.173,3.152,2.487,2.165,1.561,1.061,2.727],[2.136,2.537,2.475,0.0,2.462,1.601,1.854,2.107,2.716,2.525,2.358,2.165,1.521,2.761,1.785,2.092,2.016,2.806,1.904,1.5,1.714,1.09,1.82,2.077,1.696,2.136],[0.354,1.658,0.829,2.462,0.0,1.62,2.179,2.062,2.487,1.199,1.458,1.458,1.696,1.984,1.541,1.392,1.768,0.559,2.773,1.199,2.894,2.208,1.904,1.62,1.392,2.208],[1.369,1.541,1.854,1.601,1.62,0.0,1.0,1.275,1.75,1.75,1.541,0.866,1.225,1.854,0.866,1.601,1.541,1.92,1.601,0.968,1.768,1.0,1.658,1.458,1.199,1.118],[1.969,1.275,2.658,1.854,2.179,1.0,0.0,1.904,1.199,2.586,1.62,1.768,1.732,2.562,0.935,2.487,2.424,2.537,1.785,1.785,1.658,0.935,1.936,2.208,2.136,0.5],[1.871,1.969,2.136,2.107,2.062,1.275,1.904,0.0,1.953,2.077,1.732,1.118,0.935,1.521,2.0,2.107,1.0,2.077,1.031,1.25,1.541,1.581,1.541,0.866,1.392,1.696],[2.385,0.968,3.102,2.716,2.487,1.75,1.199,1.953,0.0,3.102,1.561,2.194,1.953,2.622,1.785,3.182,2.727,2.693,1.837,2.318,1.75,1.714,2.016,2.385,2.716,0.75],[1.09,2.512,0.791,2.525,1.199,1.75,2.586,2.077,3.102,0.0,1.984,1.199,2.016,2.264,2.077,1.061,1.561,1.118,2.915,1.275,3.192,2.411,2.562,1.479,1.118,2.658],[1.323,1.061,2.046,2.358,1.458,1.541,1.62,1.732,1.561,1.984,0.0,1.62,1.458,2.537,1.696,2.411,2.062,1.521,2.165,1.521,2.179,1.62,1.904,1.5,1.953,1.458],[1.275,1.904,1.479,2.165,1.458,0.866,1.768,1.118,2.194,1.199,1.62,0.0,1.414,1.639,1.541,1.392,1.173,1.521,1.92,0.968,2.291,1.696,2.0,1.061,0.968,1.732],[1.458,1.696,1.854,1.521,1.696,1.225,1.732,0.935,1.953,2.016,1.458,1.414,0.0,1.714,1.658,1.887,1.061,1.854,1.25,0.829,1.369,1.225,0.866,0.935,1.199,1.658],[1.984,2.332,1.936,2.761,1.984,1.854,2.562,1.521,2.622,2.264,2.537,1.639,1.714,0.0,2.165,1.871,1.392,2.062,2.151,1.696,2.537,2.537,1.639,1.785,1.62,2.437],[1.369,1.323,1.984,1.785,1.541,0.866,0.935,2.0,1.785,2.077,1.696,1.541,1.658,2.165,0.0,1.785,2.151,2.016,2.194,1.392,2.151,1.323,1.732,2.092,1.677,1.225],[1.25,2.61,0.866,2.092,1.392,1.601,2.487,2.107,3.182,1.061,2.411,1.392,1.887,1.871,1.785,0.0,1.436,1.62,2.761,1.118,2.99,2.278,2.194,1.75,0.791,2.658],[1.581,2.424,1.479,2.016,1.768,1.541,2.424,1.0,2.727,1.561,2.062,1.173,1.061,1.392,2.151,1.436,0.0,1.75,1.785,0.901,2.179,1.969,1.62,0.707,0.75,2.372],[0.75,1.92,0.866,2.806,0.559,1.92,2.537,2.077,2.693,1.118,1.521,1.521,1.854,2.062,2.016,1.62,1.75,0.0,2.915,1.414,3.112,2.512,2.165,1.521,1.541,2.487],[2.537,2.194,2.937,1.904,2.773,1.601,1.785,1.031,1.837,2.915,2.165,1.92,1.25,2.151,2.194,2.761,1.785,2.915,0.0,1.837,0.661,1.346,1.601,1.714,2.062,1.601],[0.901,1.854,1.173,1.5,1.199,0.968,1.785,1.25,2.318,1.275,1.521,0.968,0.829,1.696,1.392,1.118,0.901,1.414,1.837,0.0,2.016,1.392,1.392,0.901,0.5,1.854],[2.646,2.121,3.152,1.714,2.894,1.768,1.658,1.541,1.75,3.192,2.179,2.291,1.369,2.537,2.151,2.99,2.179,3.112,0.661,2.016,0.0,1.173,1.541,2.062,2.332,1.541],[1.904,1.732,2.487,1.09,2.208,1.0,0.935,1.581,1.714,2.411,1.62,1.696,1.225,2.537,1.323,2.278,1.969,2.512,1.346,1.392,1.173,0.0,1.658,1.768,1.75,1.118],[1.768,1.696,2.165,1.82,1.904,1.658,1.936,1.541,2.016,2.562,1.904,2.0,0.866,1.639,1.732,2.194,1.62,2.165,1.601,1.392,1.541,1.658,0.0,1.696,1.714,1.871],[1.414,2.092,1.561,2.077,1.62,1.458,2.208,0.866,2.385,1.479,1.5,1.061,0.935,1.785,2.092,1.75,0.707,1.521,1.714,0.901,2.062,1.768,1.696,0.0,1.031,2.092],[1.146,2.278,1.061,1.696,1.392,1.199,2.136,1.392,2.716,1.118,1.953,0.968,1.199,1.62,1.677,0.791,0.75,1.541,2.062,0.5,2.332,1.75,1.714,1.031,0.0,2.222],[2.031,1.061,2.727,2.136,2.208,1.118,0.5,1.696,0.75,2.658,1.458,1.732,1.658,2.437,1.225,2.658,2.372,2.487,1.601,1.854,1.541,1.118,1.871,2.092,2.222,0.0]],"max_distance":3.192,"edge_scheme":"top-3 kNN union","num_clusters":4};

const CLUSTER_COLOR = {
  1: getComputedStyle(document.documentElement).getPropertyValue('--c1').trim(),
  2: getComputedStyle(document.documentElement).getPropertyValue('--c2').trim(),
  3: getComputedStyle(document.documentElement).getPropertyValue('--c3').trim(),
  4: getComputedStyle(document.documentElement).getPropertyValue('--c4').trim(),
};
const CLUSTER_NAMES = {
  1: "Warm planners",
  2: "Quiet loyalists",
  3: "Spontaneous spark",
  4: "Curious wanderers",
};

// Score-tier interpretation framework
// Each mini-score sits between 1 and 4.
//   1.0–1.9 = Low | 2.0–2.6 = Mid-low | 2.7–3.2 = Mid-high | 3.3–4.0 = High
const TIER_NAME = { low: "Low", midLow: "Mid-low", midHigh: "Mid-high", high: "High" };
function tierFor(v) {
  if (v < 2.0) return "low";
  if (v < 2.7) return "midLow";
  if (v < 3.3) return "midHigh";
  return "high";
}

const TIER_LABELS = {
  Social: {
    low:     "quieter · selective",
    midLow:  "selectively social",
    midHigh: "socially engaged",
    high:    "outgoing · proactive",
  },
  Structure: {
    low:     "spontaneous · flexible",
    midLow:  "flexibility-leaning",
    midHigh: "plan-leaning",
    high:    "organized · routine-friendly",
  },
  Thinking: {
    low:     "gut-led · instinctive",
    midLow:  "intuition-leaning",
    midHigh: "analytical-leaning",
    high:    "analytical · deliberate",
  },
  Novelty: {
    low:     "comfort-seeking · stable",
    midLow:  "stability-leaning",
    midHigh: "open to new",
    high:    "explorer · change-friendly",
  },
  Bonding: {
    low:     "playful · spark-driven",
    midLow:  "light-touch bonding",
    midHigh: "steady-leaning",
    high:    "anchored · loyalty-driven",
  },
};

// One-line composite reading
function quickRead(s) {
  const t = {};
  for (const k in s) t[k] = tierFor(s[k]);
  const isHigh = v => v === "high" || v === "midHigh";
  const isLow  = v => v === "low" || v === "midLow";

  // Notable combos (priority order)
  if (isHigh(t.Social) && isHigh(t.Novelty)) return "Outgoing explorer — energy outward, curious about what's next.";
  if (isLow(t.Social) && isHigh(t.Novelty)) return "Independent explorer — quiet outside, restless inside; chases novelty on own terms.";
  if (isHigh(t.Structure) && isHigh(t.Thinking)) return "Analytical planner — thinks it through, likes a clear plan.";
  if (isLow(t.Social) && isHigh(t.Thinking)) return "Quiet observer — watches, considers, speaks once it's worth saying.";
  if (isLow(t.Structure) && isHigh(t.Novelty)) return "Spontaneous spark — improvises, chases novelty, plans loosely.";
  if (isHigh(t.Social) && isLow(t.Thinking)) return "Expressive people-person — leads with feeling and warmth.";
  if (isLow(t.Novelty) && isHigh(t.Structure)) return "Stable & dependable — values routine, predictability, calm.";
  if (isHigh(t.Social) && isLow(t.Bonding)) return "Social butterfly — wide reach, light-touch bonds.";
  if (isLow(t.Social) && isHigh(t.Bonding)) return "Small circle, deep loyalty — quality over quantity.";
  if (isLow(t.Novelty) && isHigh(t.Bonding)) return "The 'always there' friend — steady, loyal, consistent.";

  // Aggregate fallbacks
  const vals = Object.values(t);
  const lows = vals.filter(L).length;
  const highs = vals.filter(isHigh).length;
  if (lows >= 4) return "Easy-going & low-key — light energy across the board, hard to ruffle.";
  if (highs >= 4) return "High-intensity across the board — bold, expressive, plenty going on.";

  return "Balanced profile — no single trait dominates the others.";
}

const isTouch = matchMedia('(hover: none)').matches;
if (isTouch) {
  document.getElementById('net-hint').textContent = 'Tap a name · pinch to zoom · drag to move';
}

const legendEl = document.getElementById('legend');
const dimmed = new Set();
Object.keys(CLUSTER_COLOR).forEach(k => {
  const s = document.createElement('span');
  s.className = 'swatch';
  s.dataset.cluster = k;
  s.innerHTML = `<span class="dot" style="background:${CLUSTER_COLOR[k]}"></span>${CLUSTER_NAMES[k]}`;
  s.addEventListener('click', () => {
    if (dimmed.has(+k)) { dimmed.delete(+k); s.classList.remove('dim'); }
    else { dimmed.add(+k); s.classList.add('dim'); }
    applyDim();
  });
  legendEl.appendChild(s);
});

const svg = d3.select('#network');
const wrap = document.getElementById('network-wrap');
const W = () => wrap.clientWidth;
const H = () => wrap.clientHeight;

let nodes = DATA.nodes.map(d => ({
  ...d,
  x: d.x * 0.4 * Math.min(W(), H()) + W()/2,
  y: d.y * 0.4 * Math.min(W(), H()) + H()/2
}));
const nodesById = new Map(nodes.map(n => [n.id, n]));
const links = DATA.edges.map(e => ({ ...e }));

const root = svg.append('g').attr('class', 'root');
root.append('g').attr('class', 'links');
root.append('g').attr('class', 'nodes');

const zoom = d3.zoom()
  .scaleExtent([0.5, 4])
  .filter(event => {
    if (event.target.closest('.node-group')) return false;
    return true;
  })
  .on('zoom', (event) => { root.attr('transform', event.transform); });
svg.call(zoom);

const minDist = d3.min(links, d => d.distance);
const maxDist = d3.max(links, d => d.distance);
const linkOpacity = d3.scaleLinear().domain([minDist, maxDist]).range([0.6, 0.12]);
const linkWidth = d3.scaleLinear().domain([minDist, maxDist]).range([2.4, 0.6]);

const sim = d3.forceSimulation(nodes)
  .force('link', d3.forceLink(links).id(d => d.id).distance(d => 30 + d.distance * 60).strength(0.55))
  .force('charge', d3.forceManyBody().strength(-130))
  .force('center', d3.forceCenter(W()/2, H()/2).strength(0.18))
  .force('x', d3.forceX(W()/2).strength(0.06))
  .force('y', d3.forceY(H()/2).strength(0.06))
  .force('collide', d3.forceCollide().radius(24))
  .alphaDecay(0.025);

const linkSel = root.select('.links').selectAll('line')
  .data(links).join('line')
  .attr('class', 'link')
  .attr('stroke', '#f0e6d2')
  .attr('stroke-opacity', d => linkOpacity(d.distance))
  .attr('stroke-width', d => linkWidth(d.distance));

const VIS_R = 7;
const HIT_R = isTouch ? 22 : 14;

const nodeSel = root.select('.nodes').selectAll('.node-group')
  .data(nodes, d => d.id).join('g')
  .attr('class', 'node-group')
  .call(d3.drag()
    .on('start', (e, d) => { if (!e.active) sim.alphaTarget(0.3).restart(); d.fx = d.x; d.fy = d.y; })
    .on('drag',  (e, d) => { d.fx = e.x; d.fy = e.y; })
    .on('end',   (e, d) => { if (!e.active) sim.alphaTarget(0); d.fx = null; d.fy = null; })
  );

nodeSel.append('circle').attr('class', 'hit').attr('r', HIT_R);

nodeSel.append('circle')
  .attr('class', 'visible')
  .attr('r', VIS_R)
  .attr('fill', d => CLUSTER_COLOR[d.cluster])
  .attr('stroke', 'rgba(20,17,15,0.7)')
  .attr('stroke-width', 1.5);

nodeSel.append('text')
  .attr('class', 'node-label')
  .attr('dy', -VIS_R - 6)
  .attr('text-anchor', 'middle')
  .text(d => d.id);

const tooltip = document.getElementById('tooltip');

function positionTooltip(e) {
  const pad = 14;
  let x = e.clientX + pad, y = e.clientY + pad;
  const tw = tooltip.offsetWidth, th = tooltip.offsetHeight;
  if (x + tw > window.innerWidth - 8)  x = e.clientX - tw - pad;
  if (y + th > window.innerHeight - 8) y = e.clientY - th - pad;
  tooltip.style.left = Math.max(8, x) + 'px';
  tooltip.style.top  = Math.max(8, y) + 'px';
}

nodeSel
  .on('mouseenter', function(e, d) {
    if (isTouch) return;
    tooltip.classList.add('show');
    tooltip.innerHTML = `<strong>${d.id}</strong> · ${CLUSTER_NAMES[d.cluster]}`;
  })
  .on('mousemove', e => { if (!isTouch) positionTooltip(e); })
  .on('mouseleave', () => tooltip.classList.remove('show'))
  .on('click', (e, d) => { e.stopPropagation(); selectNode(d.id); });

sim.on('tick', () => {
  // Clamp every node to stay fully inside the viewport with padding for label.
  const pad = 28;        // node radius + label margin
  const padTop = 22;     // labels sit above the dot
  const w = W(), h = H();
  nodes.forEach(n => {
    if (n.x < pad)        n.x = pad;
    else if (n.x > w - pad) n.x = w - pad;
    if (n.y < padTop)     n.y = padTop;
    else if (n.y > h - pad) n.y = h - pad;
  });
  linkSel
    .attr('x1', d => d.source.x).attr('y1', d => d.source.y)
    .attr('x2', d => d.target.x).attr('y2', d => d.target.y);
  nodeSel.attr('transform', d => `translate(${d.x},${d.y})`);
});

function selectNode(id) {
  const d = nodesById.get(id);
  if (!d) return;

  const neighbors = new Set([id]);
  links.forEach(l => {
    if (l.source.id === id) neighbors.add(l.target.id);
    if (l.target.id === id) neighbors.add(l.source.id);
  });

  nodeSel.classed('faded', n => !neighbors.has(n.id))
         .classed('selected', n => n.id === id);
  nodeSel.selectAll('text').classed('dim', n => !neighbors.has(n.id));
  linkSel.classed('highlight', l => l.source.id === id || l.target.id === id)
         .classed('faded', l => !(l.source.id === id || l.target.id === id));

  document.getElementById('sel-name').textContent = d.id;
  document.getElementById('sel-cluster').innerHTML =
    `<span class="dot" style="background:${CLUSTER_COLOR[d.cluster]}"></span><span>${CLUSTER_NAMES[d.cluster]}</span>`;

  const body = document.getElementById('sel-body');
  const traitRows = Object.entries(d.scores).map(([k, v]) => {
    const pct = ((v - 1) / 3) * 100;
    const tier = tierFor(v);
    const blurb = TIER_LABELS[k][tier];
    return `<div class="trait">
      <div class="trait-name">${k}</div>
      <div class="trait-bar"><span style="width:${pct}%; background:${CLUSTER_COLOR[d.cluster]}"></span></div>
      <div class="trait-val">${v.toFixed(2)}</div>
      <div class="trait-tier">${TIER_NAME[tier]} · <em>${blurb}</em></div>
    </div>`;
  }).join('');
  const matchRows = d.top_matches.map((m, i) => `
    <li data-name="${m.name}">
      <span><span class="rank">0${i+1}</span><span class="name">${m.name}</span></span>
      <span class="dist">d = ${m.distance}</span>
    </li>`).join('');

  body.innerHTML = `
    <div class="traits">${traitRows}</div>
    <p class="quick-read">${quickRead(d.scores)}</p>
    <h3>Closest matches</h3>
    <ul class="matches">${matchRows}</ul>
  `;
  body.querySelectorAll('.matches li').forEach(li => {
